-1002689427646740593
-1033978770973439629
-1043736370561855554
-1065306556392950837
-1083525509793753511
-1196846981135510318
-1231190588819760920
-1292620986694356652
-1307104257831627169
-1316683382741344491
-1320270879633457406
-1332553970111916891
-135732139178588796
-1417707174918401145
-1480402774341746926
-1482430968624078000
-1500557296878754680
-1559283490383250383
-1567135840120105378
-164842024639735870
-1695248281976280399
-1742285659832299436
-1768532999191146026
-1794107961908818648
-1811119010021354688
-1815733016661963367
-1823342778995058366
-1845827591212755528
-1855945109597994146
-1865341688150735283
-1883507824814220497
-18907135176901347
-193455284029464323
-1939513394684501788
-1959403023213969081
-1973826659580086416
-20354789722272297
-2210149781296234046
-2299841510974346421
-2323712156293144863
-2328586648498855888
-2338532746383916517
-2362474540521017531
-2399396364335826088
-250638815973895671
-2528637924843693435
-2537689378664253444
-2559689949009684408
-2601815588206305780
-2607105789597326909
-2715586486478544719
-274926756356164034
-2750633755921861533
-2751676476078899237
-2761991981832466183
-2790403562111738127
-2813391211432154193
-2816304269882253129
-2829882027840439256
-2890293044247175459
-2952789772011025865
-2990233242098694315
-3005016435465345783
-3005673978471679451
-3038196746815864836
-3051624356414459011
-3086018981982910882
-3146827573262599617
-3155252253242474751
-3172652774675351475
-3181006994777638947
-3191898835305484552
-3205628534025138068
-3207917703224559863
-3232415045124682326
-3364802036692917473
-3372153190980552477
-3509048310877827618
-3509717979806589680
-3513032860379097783
-3517455029181280332
-3524033522938130487
-3550864973148060888
-3551466661393411400
-3576391461838767749
-3586528204431427761
-3670119190974534834
-367478641468782313
-3676657715397644578
-3683230303489412942
-3771301080053535443
-3777299648097192536
-3781524301475508699
-3809456355217021528
-3845254214087419206
-3873999362752655849
-3969372820653452808
-3981242309919715179
-3986943963143017285
-4034519818227299659
-4098619576087933582
-4104449943308851670
-4149513062345101822
-4155326542396542537
-4186508815250414351
-424596529912074646
-4262416515038237866
-4290253211977957416
-4336914922542969343
-4347567190099337423
-4389048718642626325
-4430298293065657498
-4475247350888687705
-4506862358599571323
-453804301812155714
-4596881702768080801
-4614468562763446361
-4716208429067693938
-4786387741869591842
-4806319896032592325
-4813412688308020765
-4837429249627032839
-487178853025333141
-4900215561749495322
-492805729779315251
-4946799871061052535
-4953469294180457196
-4979607488372177403
-5001151769659069525
-5001543574321430501
-5007314435785513023
-5023277270139337207
-5029845929944916414
-506060975415377315
-5153405051795489881
-5158070734256921008
-5174832909402805346
-5225861359552064337
-5262057854506047019
-5270009221850976921
-5294379923759692635
-5303907474500643611
-5351326942823585623
-5423162237400745027
-5482109502473641459
-5511849530252416277
-5538720941989045637
-5560040690676716341
-5562398787614534962
-5590423982475744712
-5602922808084115428
-5619970964515082772
-5622170233686821302
-5640734382273706050
-5651960065512817480
-5907079868324458546
-5957980471215888300
-5967027131695331627
-5972001511967548514
-5978097463654951739
-6008010218721075716
-60281564014020764
-6046639744243385706
-6158441934367575013
-6162333554866458614
-6170657791310769220
-6268306246869488229
-6308952806760794704
-6317135858531588771
-6328104686220305051
-6331415636013979125
-6331825608100129065
-6336920494235062844
-6339549143246224695
-6345274230328783167
-6544825601820866137
-656340938735579478
-6572626496076012832
-6642144296187590298
-6660672625122117904
-6677744701442312770
-6722600341974192522
-6749235213931330232
-6758149890875708513
-6773643906757306359
-6916806716396464221
-6919762201874810116
-6945311884720797589
-6961731740631527573
-6968798727542233826
-6985781152186633554
-7038357099440704798
-7182236685420999405
-7219970968305775032
-7226477600215867678
-7239921188053478254
-7247623029104792921
-7257218492636779276
-7275232186803493255
-7386059312149145810
-7424090992309410555
-7425022836068020588
-7443828569924995904
-7457552035184731131
-7501795688741775956
-7521155534556143475
-7541835656391760051
-7622857631829974209
-7740672385454005000
-7755777465836230915
-7774653843785995045
-7801752067961474063
-783096745406898875
-7880236379085981929
-7882710204067820087
-7892131121098836429
-7897272329851911813
-7915194818348295526
-7922511313844652253
-7925691335966602894
-794096790802218025
-7965496774017058056
-7976935901750572280
-7992266561616050385
-8080235744220023127
-8101954711358248454
-8183994224773597293
-8230619834863843239
-8252586566425185034
-827840489801273691
-8340660575163494327
-8364535714252434107
-8383065589088073806
-8390531488113067181
-8392075655558744635
-8402604807335932746
-8462610305660843238
-8602721944840980647
-8611382007327025581
-8631725655397619039
-8676396461317698234
-871144285163591514
-8716379885610595960
-8780292894484176676
-8856451863330993561
-899351908881081678
-8994689472607853867
-8998032244760150081
-9065214441453889099
-9071519294601429265
-9106651808061997159
-910866878119212481
-9160916369518669167
-9181479971618814890
-922244165252286877
-957351636753838805
1020657763370867449
1029538428990041590
1055521992737437168
1085920309962998351
117991427760231330
1278480802277665800
1285967838886493766
129433090630836717
1358197117613550027
1367107230401071817
1382350937674232269
1408914139973567792
1479606314513201116
1529347612060466891
1547582149561518807
1559936187919517066
1628743276422317151
1682705669236106442
171479852099698826
1725980138343868339
182673980570613877
1831064377975284998
189237793280525790
1905131062351526241
1931533693456791696
1977081247194957124
1980729432350266831
1993940019564249865
2043793879354290885
207124429295114270
2090453365915814272
2188974182374459839
219689462061815935
2351000146833657374
2353231353857719928
2406283188917012187
2434387494397150766
243756109699442240
2463611051674485176
2498010801923968995
2523114317094070929
2529098904105918048
2538172095673398911
2567160397377244141
2592868951170471293
2594286516767261680
2636854670992768357
2648531455166818816
2718892776510172283
272816241411086977
2751241199268467621
277718043051361984
2787459275479998794
2857129857091778354
2872067124738330313
2890108530571498356
2891715125010804902
2951900109165683565
2964949885548380473
308237250605851680
3108668809673351666
3190072530305270508
3209347583114106513
3272350215359676613
3475321462112078637
3508901810557632332
3511042621024751743
3532370092125718013
356246320999175397
3602314723071611495
3630994325243827850
3663899504290155468
3679225107990950505
3697238135623150616
3771596286328117803
3809731050379321709
3893224869005342348
392268075972517294
3928293266168746093
3972800948178679738
4002948439158921388
4003181509456947150
4074207857477826513
4077698931842467403
4098587937820698006
4099217858976214714
4153315071956030018
4175167625950002804
4253474098568062188
4302220306942279380
4318423661438785822
4331972968669336864
4337705903352321424
435663201918572945
4407461943003744089
4456811680486486965
4460116272570301127
4474533684829993472
4485551543097901594
4505982760877484330
4599312163491710255
4625710503913471361
4628157630763001418
4685212989500661509
4775749128428213452
4827717693211948159
4833039087793908188
4878511094358831450
4884775051439922498
4942113658402673564
4947686413795599322
5016535486339220484
5051632957830507722
5052728884435848920
5053437001563697902
5164044901055056385
516837182992389871
5183502205970171393
5206077337457149622
5249725952584571399
5273406018593685256
5286036765057702297
5296861809552832354
5327552938903283029
5349907797505920632
5364970878691762504
5368883542453482378
5377124952027756432
5471476600672282563
551541117952237865
5523983640641022409
5607867777216904978
5650954388872667692
5665316649167988713
5730145718106293462
5766923692811003319
5773591499031067760
5781260995832607765
5797697578731851832
5853833184311434333
5871801683009439899
5894758756538860390
5897753078197024239
5910454136915511542
5955961906232015738
5964972862669432850
5983657149798829291
6022792262990235842
6027440585044515378
6053762408933391450
6144540135105218781
6176731182289294699
6199305145750841239
6214223468127790162
62860644365836844
6316787269121500350
6386008169337057338
6442806862613309751
652881902268734841
6551130377198292335
6555731993021704378
6583977141652157584
6600921428944172728
6630474084456126063
6667873178026435925
6674623607858041037
6680118026967498095
6683099208215685252
6683853046107664636
6695790733375613327
6704973411511561863
6718355048893603593
6761085865371693654
6765454316883171080
6831106015389665851
6873585089990668750
6909049231978617648
7031684813017286074
7049879526021736257
7071808599726455761
7075819166056744737
7094353521557135535
7114253970484917136
7114382665620525377
7120250136673619482
7121492127450811234
7154426407538663547
7206401913172017202
7206472777975261414
7207146533356144547
7229578616022616208
7268042447892190728
7305941322290363328
7306687647307337698
7344887121662171588
7385011315325200632
7419614194950616439
744271348877706891
7450089074283352693
7464458412851227668
7482564272125559552
7631360939705650347
7658426000439666485
7672382285224467664
7686860319599508089
7690269470644567615
7690682516518935026
7703160512514943325
7705812918765553727
7770542665385014098
7840962997521156956
7894058635465180577
8089887709008264914
8094591024294769303
8108735149286503556
8156384123497576270
8204594577968798493
8218795514695997044
8222642630969784265
8261160251138986581
8268412012395772634
8367983021926652816
8487964208869993476
8576344555705265351
8663315281958969051
8698995450414963087
8811317367127347916
882620140835506239
8845144145742962785
8879968703848231598
8887113180791602199
8924269644784033060
8980074913026469213
8999568513816295231
9032355488833523238
9096882295627063411
912739715533119853
9133732686876334382
9155046575550322464
9204890630124363785
9209506207905378218
934510591296222231
963029148279841842
994642490959176193
